46756
41124
12058
14035
23558
12507
10641
45017
13423
17962
32437
18059
9533
39877
39369
46567
42175
32259
4694
34141
5175
46088
37042
1739
4904
18652
1941
40697
35870
6014
15852
23798
39499
39228
32553
43676
27696
37138
25888
6051
6082
4756
4957
11899
6902
44847
35211
47774
11813
8752
48002
36686
47277
38216
1437
43672
6458
34743
30381
23274
13246
28766
8926
17380
2885
1335
28727
16884
47651
6205
19238
40281
8740
45605
46063
14060
14682
44707
15970
15305
40243
19424
7028
26989
16935
25694
9519
5004
19016
35667
28862
14075
31996
12947
30762
31586
31303
47075
15200
29767
45468
26098
43733
11598
3484
23676
43392
24107
46523
40102
44798
39481
3432
2331
43903
27484
2389
27642
32958
8212
41197
17818
948
20858
18858
34144
15652
29579
45009
31226
18783
28208
30131
19533
2022
45389
19353
49043
49881
32122
16590
47234
10325
46857
22773
14309
38655
1168
8580
7243
47524
7982
38873
34925
32702
22559
39846
7637
47266
42815
12755
3920
10707
14894
36786
25237
44533
23951
8916
39482
18082
18072
19988
34453
41697
19672
25844
27948
48453
26901
5818
41649
147
48105
13312
17172
12781
21867
5834
4700
3921
2598
8990
49710
6475
35765
13014
42838
18983
47931
305
2366
22275
36981
30934
37606
18136
27058
14400
38806
15650
46639
46259
24085
3268
41304
43888
4688
43182
20417
49128
35803
14482
19493
13499
5526
20170
20423
41750
30661
21700
17395
6997
46448
19431
39043
44597
16025
43936
24218
41567
29463
34773
25319
43821
44644
11334
49351
25585
46458
29506
6183
25768
1388
39444
47017
44451
20397
36558
27103
11180
760
42596
13341
33797
34163
5795
34423
3481
27463
12847
17196
35979
40542
33267
21488
37823
42810
25436
45764
44832
38176
46433
39127
28439
30481
18596
49589
42144
39473
34713
23918
43917
35973
14026
6159
40716
15922
9037
11297
41055
36521
39797
14414
23941
47807
16641
11726
21509
8971
37316
46189
28446
41818
37862
41966
47664
10091
27136
9428
45884
1522
8207
2761
33063
21958
22632
41231
35633
5462
16445
39180
3224
5858
41516
18841
18023
32662
46304
8230
41849
21026
26572
36041
1694
22086
12256
44189
35274
40687
40623
21029
8754
1673
8098
2784
29014
37725
7800
1701
41611
20504
47653
31933
33061
40108
31584
15419
28950
38255
25226
13376
22283
23745
45459
8760
10431
16986
31216
15168
42159
4534
15401
14769
13748
15337
12914
35151
22808
45661
43717
28304
469
26494
3873
34348
48283
1651
42815
11105
33252
28652
42790
19582
16618
11456
48485
1646
47373
1327
44135
1629
7630
33775
12236
44207
890
43521
48536
26644
17459
38964
5948
29312
47202
47625
19074
15470
46990
6476
1972
34662
17908
46461
39339
48009
22625
38639
24620
44159
29945
39014
17263
38012
38745
7122
7448
44239
41383
37038
9739
45814
29409
41701
26615
10111
20863
27992
30663
31639
27008
17526
42428
38105
43723
43592
18038
17401
21940
27615
5887
8204
8346
20652
44821
18891
38591
25545
13073
5082
8438
41837
6325
48013
21843
16472
7050
6833
42448
40597
49955
28801
18868
4068
2437
25578
47885
44815
14334
45014
65
12740
45705
31426
41114
5667
3861
40668
29499
34399
22906
36589
8752
20411
12598
40154
35010
45185
4139
34272
18148
10829
28654
38372
7300
22696
49568
5309
49805
8347
19852
35174
39511
45993
48038
30943
25036
43885
31791
46851
39163
25090
36091
32935
42221
42115
21237
10977
44324
834
44352
37700
19549
16806
25483
34176
1327
26954
45240
21952
40577
25242
5103
34046
14498
34562
8789
40343
33364
21018
21568
14167
21762
25971
29912
27660
25990
19008
40110
40016
29904
36567
3851
4365
44022
17235
26689
25218
31577
10285
36578
37905
32902
26146
24068
21013
5120
4528
45354
6708
5731
7787
23256
24836
3222
38343
6811
29628
49980
28871
15594
5716
24128
33687
24931
12118
685
8985
23784
49715
14080
4019
24067
26804
37967
620
48289
39073
795
20324
25738
18413
17736
2995
13152
8235
11052
13168
25632
24145
44728
34657
19648
40941
45747
40687
21621
42946
3977
29278
37209
47671
24784
16720
39147
2596
8182
36217
17751
17538
17790
39925
36027
1748
23443
31106
22540
31820
35989
27658
20837
47330
27375
46308
30551
47974
48127
11273
48322
43012
9839
43310
16801
38478
17834
68
44595
7049
11275
47883
26943
32662
23741
26138
46320
6362
43671
3264
47595
26126
9623
2045
29616
49753
33008
5268
43046
32804
32262
42173
28010
13438
624
32439
43022
25508
38440
9800
28713
17080
45733
40663
32267
46340
6170
5219
23533
35348
10162
47577
24028
16069
42190
1704
1395
12442
48652
1611
15828
38312
29890
40064
9558
27818
22045
43870
6497
45293
2157
3863
25843
4766
38548
40511
29451
21480
26925
6158
3000
1384
6598
38932
6643
13952
40418
15917
35511
6380
18874
28105
19294
15164
18402
6905
2094
38186
45887
19273
3107
47747
31498
19720
24290
46236
40091
36165
26732
28056
37692
48319
42234
4227
34049
3712
20263
18527
16479
42082
46620
20464
27597
4823
46127
7583
41813
27121
30517
44648
25851
36612
38205
32875
44346
23789
23843
28549
31485
44084
21418
43351
48636
5927
29219
29115
18845
47259
40597
26957
20195
30584
29075
10868
27092
49681
19792
41993
4059
19918
44278
14526
3289
39704
36093
6103
11862
12319
23209
29818
30893
716
28793
1846
36010
36880
14522
4086
47648
45448
49575
49931
42913
36937
5595
1565
26215
21453
7055
13942
2351
10445
12581
18371
14918
898
13783
9899
31458
47469
10695
12084
20500
43252
27093
40906
9703
13701
12586
26748
26819
15801
3800
19260
30272
34261
17629
3285
21566
48462
4672
16269
31007
43130
24981
20920
2946
6308
5573
1468
4002
6298
29642
18284
27373
23729
20921
41738
5728
49287
36242
21557
15787
13441
42009
7262
15743
49726
1747
46120
16642
7390
771
47602
34103
24047
5207
238
35099
46804
5639
41716
44493
16644
8136
1309
282
528
38387
35526
34318
11964
21316
11640
11945
2928
12643
11990
15221
47433
14645
44914
14772
33217
31777
37766
15059
31472
8924
18733
16137
29289
2312
44479
34273
11900
29778
30174
10908
35215
14737
43869
41208
15841
19785
7837
7830
13351
26639
23981
13074
15850
45514
44730
42297
36850
22711
19514
1684
31678
9940
36810
35131
24475
14076
2717
9900
6530
49428
14880
36300
40896
47406
32553
29273
16120
22911
33022
34332
31861
4407
16089
8939
23659
804
28748
39262
45218
5074
35981
6283
21370
31865
48716
29091
34043
42728
500
16210
14635
37216
34916
45877
43003
8482
7634
5953
19352
406
34962
23434
12538
30104
17673
42209
30182
25147
34469
24682
27947
28832
10121
37609
25281
43676
26081
44158
25637
6353
44014
27468
31550
45088
11655
31195
12141
23309
14617
42971
49214
37366
16637
7369
46254
21167
28070
43957
5058
12098
34012
21742
16956
45918
26004
13235
11759
10969
714
11900
21621
12803
5693
19294
25136
16242
4187
27161
47935
47286
17084
43804
36178
34283
45543
35377
12090
23529
26933
9020
9420
40279
49164
47788
49942
3267
32286
27656
38793
38434
29419
18398
32989
34461
43101
44009
8696
22034
35832
28286
24688
48972
33538
49802
37591
8523
31607
9740
9287
12271
31021
18337
38320
48890
40880
18630
46774
32445
26923
11592
43137
42197
22912
22948
918
5673
14604
3795
13712
10260
36309
49364
33032
39507
36283
44434
32927
37932
16199
12061
13442
21594
47238
44414
12799
46633
3333
12334
13209
33169
35489
6879
40128
7252
9617
1357
38121
4563
31696
11667
47249
46139
6034
37583
4902
19371
45918
43250
16909
7891
4279
18052
39116
26466
31331
38518
7026
26406
19574
42602
41809
40965
27463
43486
2629
10668
730
23646
24149
12022
22983
37417
36760
351
35525
35301
13304
12921
18571
37795
20524
37134
27404
39860
31148
3630
35403
43611
18162
33741
40811
45379
43539
20654
38817
44602
48191
15855
17958
13596
17599
4861
8145
15669
32507
27818
43847
31837
16563
48665
12955
8732
29985
37001
14475
35637
18047
39291
5548
40598
10667
15877
30737
47464
27802
33389
32102
43587
25982
41072
1500
36459
17841
30397
25911
26252
545
13909
10411
31059
40926
25790
39016
8411
1642
29216
18792
49266
45800
579
33088
39024
30652
16762
24380
48813
37938
10349
31169
10783
28300
10228
19425
1307
11060
9467
25865
5633
34314
35905
737
19380
42412
46064
41978
22214
10748
38624
3623
48495
1501
9684
16165
6930
21279
47838
48888
43653
14362
47521
5014
17048
34868
20353
48121
41240
15448
31416
35938
11000
16196
47820
35964
33373
22658
39599
13593
15942
25317
27169
41222
16484
3627
46785
20791
5057
16535
2561
1433
21999
3240
42189
7280
28757
15790
48613
3392
42842
19602
14622
7235
48744
44383
24449
35075
15291
23250
44683
39088
23206
10763
32865
6435
8898
29746
35809
4717
7444
32393
17914
46362
38681
7946
25183
37477
7190
33246
47095
2649
33287
19014
44906
40093
14863
5891
45211
8515
37748
21175
30586
28268
1305
42426
11796
42105
37153
2009
25374
28162
31706
8554
36777
9983
13177
17005
30283
34404
42136
38303
42288
41211
43128
223
10498
17298
24383
40525
37575
46141
28747
17537
12626
29937
18168
25879
26140
37390
31918
8345
31163
38378
20517
25731
4327
42896
24657
38321
29303
49347
28909
46628
23595
43500
47693
41516
4685
38362
7334
23262
28831
20902
4422
49210
3073
27121
41652
10038
38912
27559
42764
26232
7244
2475
24948
31920
1422
43613
26255
18409
6998
34418
34355
40196
22414
37378
10993
27825
45387
3299
27848
28033
4873
12194
17472
30419
48590
9010
34785
6542
45625
16752
31756
26486
34038
29117
32104
36779
48088
17189
16620
31037
20525
19928
20244
12317
15879
22237
49140
17087
15970
38611
30932
35226
189
38331
6443
28299
22161
23292
11667
9138
8865
36473
7455
31000
34418
12504
45934
45115
31727
12179
13685
8067
17369
26169
18229
16306
49804
7537
26734
15791
6828
37069
4329
20195
116
12228
17758
17564
41732
42705
31780
7785
16978
34291
11971
47362
3888
30482
11046
21938
3903
42755
38210
20780
21670
26415
12980
3921
49910
14816
19137
22348
18561
32788
49372
10350
13813
22091
13278
22837
9826
49691
2421
33635
34579
9338
40701
5668
13248
5945
35906
15042
39874
38192
20541
6266
44215
11248
5512
24446
42194
35142
23088
841
9405
277
19702
24060
1588
38176
31478
27880
48181
21549
36027
44642
1605
41999
32964
9082
44925
12473
29641
25447
36439
29622
41527
26643
15621
20968
36671
23177
19335
13833
23516
1938
29789
8228
8881
29946
28523
37968
23350
6063
709
46031
34323
18436
1435
18377
40874
49312
28301
28701
13617
2296
2148
26086
22150
46812
32585
45046
42577
29438
28018
49382
17448
31505
43380
13309
41247
2729
18016
12870
24590
45507
15885
37760
10695
39212
4324
44452
16056
15010
21731
24304
40210
15184
1998
6538
42430
48989
43957
7514
41279
35800
20169
43151
15914
41341
12991
48858
6435
38789
25654
34322
8119
25576
11393
42535
7728
43870
1710
25457
7039
40835
12423
10396
36103
49932
31787
30969
45615
24633
38341
39999
20105
9470
27053
3956
2775
1795
13888
23019
29240
17397
14449
49127
29659
528
2949
23294
22760
17621
35078
11470
42944
23918
48736
29005
23684
33039
25120
35731
35825
29530
30445
1285
18854
8039
9040
19515
4762
32205
3601
14290
22359
17831
32200
19211
21652
34122
34867
48395
17254
14499
12253
45752
49940
29736
43731
24756
22060
2868
40809
28934
11755
16957
16444
9581
45844
37813
13420
35824
47599
20242
31764
4533
28955
39531
2997
21968
27367
44416
30677
30171
45236
1388
24176
29471
16745
14932
9407
39547
46101
2440
41959
45875
41782
44377
43234
4278
5817
46714
24514
45367
26371
3454
45200
47881
7314
24097
9712
10843
46300
27049
33643
44844
13363
49962
22283
6934
48825
34614
32837
20802
26512
25540
38585
10328
40592
49694
2973
22023
20213
39885
19007
33576
48109
35864
11942
15212
14893
588
48515
40351
11435
23737
9295
48812
26133
5652
30394
1850
49303
38993
14997
42833
47864
47649
18839
21065
16677
42176
12877
46289
27207
33011
3184
45782
21773
37843
21450
28662
1223
28998
19104
19061
17061
40818
17206
17619
7446
7522
7916
20075
23660
30102
49116
36301
39664
19201
7633
31405
40194
16242
705
35628
23895
32956
12461
11654
18983
8213
24937
46861
48106
28906
46319
4419
5757
13268
42039
35186
28404
20821
27150
10181
36476
41285
40344
2292
46562
109
1588
34760
42509
16760
14319
15615
46855
43241
46119
26110
321
19629
15118
7164
44420
29411
7427
47027
4323
2749
6989
3164
49022
45612
44834
28627
16019
35342
30808
29359
21126
25955
34738
26554
29971
20512
10240
7445
43097
2218
49609
49770
32517
13151
16176
19900
6211
14544
39332
12846
11246
35262
36608
5855
28375
13071
6643
16549
5582
28953
31855
36877
39526
28938
8239
20905
11239
29919
9297
34654
19210
9743
35779
17680
8237
48266
3120
12226
28890
28602
2463
34538
26926
32727
21472
45705
46109
5119
12864
23167
41640
6437
10371
32403
41478
33028
5196
29541
32459
43980
1617
9728
36501
1944
25820
41457
24474
17805
30222
41527
44751
9646
22438
43440
34838
40479
23512
25393
17989
15216
2724
26599
8801
40188
700
18983
22094
10291
30384
23520
21564
6276
8043
27679
22940
11808
48770
45367
2868
24891
233
46580
20085
22040
9783
7177
43662
10172
30831
24378
12857
31641
21496
34610
17440
24308
18588
42471
34240
37371
22992
41024
41681
30748
46731
41085
45795
9671
40084
37860
13043
30038
41859
15460
49717
49839
40471
6789
36052
6425
42826
13147
30212
3986
12930
26971
11740
20284
35283
37053
46464
20050
29058
92
4620
42746
49646
13811
27138
22904
29441
35453
6554
3971
922
5125
23059
28717
7831
9314
43732
24770
12676
5449
11246
31167
17821
19982
27405
5074
5379
33686
15482
48575
45199
43981
9950
15660
23535
18978
12514
20149
46473
20620
37785
23942
19336
36048
43495
12101
24419
14895
39133
36969
45669
39301
4326
21390
36773
15924
7622
22229
18058
171
37720
13511
45141
31739
27231
44794
14808
49289
25062
38797
32645
6681
42767
3699
23595
5111
40607
7593
21083
245
35082
41019
3733
8258
35138
3292
27870
41416
14298
48195
2796
35619
4941
11882
8874
25208
17407
48545
38523
14001
1220
19013
6995
43966
37299
19035
35072
19794
47423
37476
95
19913
40516
44190
34023
7917
39358
49786
38976
36511
47117
17703
18792
644
10354
4003
38503
36234
2315
9202
46788
18780
33225
483
19963
9816
45347
35651
47097
10128
43873
6345
6377
21221
45306
11468
5570
14877
42324
37671
31028
33335
31129
15978
29370
45320
15695
39180
23504
27272
35702
28112
30752
44385
20084
14268
45663
4713
44880
33492
25249
45142
7459
5456
45162
6783
27929
39617
29781
13986
46892
38423
10938
10785
5760
12980
23912
6841
28687
49357
47956
41383
3492
23337
4181
12766
37688
22852
28349
27041
22245
7002
44738
32165
23860
47482
43042
31229
46697
35790
26001
2580
1679
24395
3072
27558
24757
43200
4107
43316
19498
23953
37767
47869
6696
19120
43644
13838
12876
32294
15951
35832
6436
34369
14650
19301
16397
36108
4583
20450
33429
3708
46782
9608
33638
28807
25557
24313
41402
37614
18503
26771
17845
48671
2499
47601
31634
30490
16966
1085
1730
17139
15091
875
22773
26887
49644
42150
45123
8605
46766
30097
28850
14849
37674
27635
23849
11644
8295
20714
32460
3207
44439
47024
46023
10024
22246
46556
1552
26894
37568
8826
48126
35108
17565
30758
42007
37063
4577
14338
40082
1140
49266
9902
47615
45713
32424
33298
36511
32151
27646
4675
7860
7184
2272
19808
33431
11925
22856
36547
41613
31066
18100
37311
21346
39880
45346
31996
21779
4360
32493
3481
43134
22864
9777
41992
7708
32685
2989
9643
7842
23248
6399
41282
21842
857
43081
28848
21138
44137
43816
38860
19154
49231
49014
44582
11892
22056
27953
335
29839
3924
31227
17579
46908
47415
1693
39368
9640
42008
40794
38475
37530
41464
46584
33105
41009
47041
23317
32472
5951
17476
32387
31266
20829
32809
6627
43843
38269
25491
46167
34800
30052
23153
2340
48340
11961
14419
12849
27934
18262
40195
18800
37605
23168
44625
470
10918
42126
35062
12227
15119
22557
15101
19361
25567
15133
9887
3706
48846
19179
33763
25105
43230
554
8588
18885
18845
8219
8179
6334
11761
18144
28233
38128
18867
838
40586
26094
12694
47597
3594
46707
8001
3202
40085
21680
36887
40255
18293
42335
23548
24901
40636
27290
20395
48384
8293
46956
35279
22444
43246
11474
29676
42585
5594
33888
41476
20496
26986
20984
23487
33729
7651
27904
8495
2488
36477
15875
43477
30690
13464
18240
42732
18515
39978
10434
27968
39165
34088
14749
40696
37376
21979
16466
41053
48523
18350
49884
22263
44733
9347
43165
42014
41674
34398
14420
11862
24346
38307
44464
2949
13314
43828
25737
8043
35828
4260
29038
43416
12514
22894
46806
1858
42987
13394
29215
32497
18262
16571
48414
5204
8168
17622
13347
21608
3873
47593
16230
37271
7033
9617
41683
14034
15704
25187
3152
11204
7370
47630
48693
29042
43124
34242
26184
38782
16292
31471
29092
16659
43881
40217
26247
40508
43809
36854
31265
2720
32865
6573
26982
890
47549
27171
48716
38742
33809
25699
32598
34280
47531
17236
26156
30869
21578
12933
15352
22480
25983
10454
6777
8754
31143
25724
48257
43190
14306
34007
44038
42617
11503
11936
21793
18794
45074
15505
37057
44620
23878
19565
38376
42514
16779
7054
46689
24812
48355
48870
16585
3911
14727
45070
32423
3256
43854
11251
33599
13907
2531
28089
15654
16344
20417
14398
17140
46600
49536
40307
11947
30122
41434
26442
49946
14507
5
22778
28281
22558
48632
43864
9127
21738
10043
4598
147
43144
21109
47831
18622
17758
36904
24897
21533
26502
6625
13663
29193
46114
46071
25787
33419
27015
12143
44445
28829
44491
18999
8001
11846
20250
23583
40945
1744
32000
13121
18939
45098
48869
873
33717
10940
1156
19896
33865
43680
25428
10596
3310
12946
25102
45788
43607
15831
48713
19211
555
2905
32620
18517
24933
43672
39746
37460
10108
48801
11476
35688
13498
30033
31333
16321
39043
10321
14304
7182
44518
17369
45774
23240
46549
41429
149
4597
2950
45558
13046
14670
24080
30763
8122
18069
30216
17905
8447
6785
5159
32146
39391
37165
44927
8810
6557
28353
19407
38044
49383
42486
34236
42217
34881
21444
17288
30176
8933
37786
20932
10499
40464
24916
15455
4376
15668
43441
13864
47362
8420
1229
25327
48973
5217
7386
25174
19351
45593
3407
30837
29692
19499
46314
10100
42929
24919
24988
23072
28524
23048
14474
974
13778
8048
43706
41365
38807
12274
43986
36530
16477
850
45088
18715
40404
38553
1185
571
16195
13109
8307
47606
14261
47791
37888
21652
13655
45071
40490
47591
36168
22657
49241
31292
33478
11680
35225
37198
27064
19076
37264
8111
39965
6504
46144
40287
46399
43711
17467
34895
27183
19710
39962
7158
26954
46467
12913
39676
47337
9602
37504
46089
44136
16732
41803
835
35778
17246
5511
16638
48790
18027
35219
9739
27853
11434
45680
13160
30278
24683
36621
34846
15219
1723
22010
38131
26837
23000
25395
3262
29688
35221
17479
5580
28970
36096
45316
38922
22485
48983
49722
2105
13094
28206
33725
41913
30580
31641
38183
47614
42079
35914
11256
28031
12660
22948
27515
18596
518
42964
33625
6460
39464
8755
4528
41192
40926
36651
32413
49217
34412
35115
25762
14942
34399
28663
13826
14691
34569
3820
48153
21308
21469
45837
17433
31123
35663
41327
33973
27360
7778
47556
43854
37699
22975
32242
36253
12372
11595
49832
18394
1931
12126
15598
14506
12026
10514
23647
22048
2772
15896
7797
34328
48818
37637
33912
34016
19875
10291
10944
25508
15797
10000
27757
34412
8902
2400
1608
7563
1308
23308
43589
26580
12683
18955
16385
1889
14138
29944
28357
22868
35038
99
32330
37663
4060
34977
33220
46777
8932
26949
44853
22223
42768
6983
12819
558
1033
30425
49885
45914
14418
43695
45309
3172
25494
32407
43742
1398
6762
20763
34632
28590
42810
38830
36033
4575
8124
13294
19566
13723
1187
27627
39140
37525
14133
9697
36118
47843
33225
45869
16244
7989
27951
4924
25321
8007
43852
45994
2243
47421
32011
33730
36234
43084
39329
1568
46601
16860
6384
32453
38027
20579
27553
16405
11008
46278
44587
24201
4214
26890
35580
17121
22738
39181
41756
6189
3712
42586
43313
8646
28902
5285
2115
29766
7884
11937
25638
13819
2779
10271
37396
29688
36683
30942
17214
46809
7811
10401
46784
49947
48222
8063
16167
7305
36857
28142
20772
33320
46835
1330
47313
35442
32773
14226
48191
35620
18577
48052
10831
3531
14658
67
3863
41357
328
37693
32207
49707
14411
36615
12332
471
49501
42276
35601
32316
200
19945
5705
22720
20827
25284
19111
38044
16359
2093
30967
48622
41187
16501
24597
6575
8830
20178
4309
15950
3532
31164
33193
13764
48036
28808
26055
39112
43187
15487
32551
17524
20417
22682
25102
20080
12932
31091
16396
28578
31246
40578
39684
3097
43932
49370
10775
19770
39403
21797
6648
36569
27972
34383
2717
33262
22358
23685
2249
15094
25308
27516
36487
42487
34141
45340
15804
15843
28635
13506
41541
17217
4913
10628
37087
44211
9523
29507
39208
48209
40529
2911
3136
29977
7737
41803
20462
23446
36650
16702
9807
44371
10089
4885
31320
26232
1703
28920
34163
9434
22106
29027
25034
43632
39885
42690
7742
29848
17171
33729
31947
19786
14356
30347
31036
12296
3768
715
24280
43642
25577
27207
47387
44815
467
13401
7258
20520
43406
21093
36412
17708
6920
15494
9037
33807
48700
11765
1570
34226
28148
4576
13871
32933
21033
34488
20376
6469
27978
13687
3079
3916
42570
37749
14658
6244
40369
4614
36098
236
2471
34641
1359
45671
9734
15515
46052
22813
48468
7748
1877
41778
12316
46432
8397
20527
27150
44499
9935
48520
33609
9206
17719
5321
16214
29845
2997
24505
5630
46920
22687
16872
45253
4420
12094
7571
40288
29225
3889
23
5249
35175
7986
22010
29621
8802
12594
26952
30158
37831
25806
43584
24314
17198
29996
28856
41230
8198
37587
34734
47596
29546
33230
17695
6885
45856
4752
38314
16850
34088
47122
40072
9800
33707
5174
43350
14601
22295
12685
11836
5118
43344
18496
44333
41095
23723
17820
17599
12508
47332
10747
12844
29418
2870
46310
45057
44877
7006
12646
2962
39106
11209
22207
48026
48739
34418
42412
182
43651
44587
41344
3706
49942
42448
43626
27392
10949
13760
45807
27690
18369
21694
15756
40778
12232
14030
1482
6293
35388
17124
40257
11528
5104
37727
10409
23850
46798
33642
48294
302
36024
40370
47332
13880
43250
23569
21196
20972
3210
49115
6716
34648
25878
42637
26641
27308
19515
25004
25727
2694
17744
13724
25035
23351
1709
34293
29582
18061
39477
4428
8981
42579
9583
49505
31536
5752
22040
9170
8861
22763
46863
33298
37013
43676
527
28511
10408
29887
18748
39980
5056
48260
19894
18467
13387
39116
46399
13416
7710
619
92
10643
20342
39234
4678
40625
17608
36679
15303
28497
29653
28510
10056
9770
35162
27277
25735
38186
38798
27979
38474
44766
43361
34612
36414
49378
30804
7313
28480
33148
3932
25921
25110
45516
37706
20671
31138
47825
594
12595
32302
8613
9520
383
25228
36302
14667
16834
28647
36495
7969
44312
43197
32918
40440
36392
49039
45175
39169
31126
13552
27373
7607
281
28553
23284
39674
8736
20110
18835
29367
29568
34272
15374
20907
11638
19253
35473
9047
18509
33432
12647
22589
46792
32807
6227
17607
33363
11493
29193
19842
45815
9067
30794
38222
3753
3955
40793
49474
4659
26499
8275
31318
30829
15127
5507
32105
7139
14570
25686
38885
43303
44556
14486
29317
14916
16013
42347
9645
26535
18528
8232
48009
19906
16761
9279
32948
18752
3218
45784
47822
10487
25547
38004
31779
46028
39361
18763
18070
27634
2262
5985
24841
13432
27247
8418
1572
6760
40779
15267
6269
2793
31771
11999
29895
4189
13448
8448
3808
38341
20496
18408
10386
2511
26838
86
41085
34279
10343
27399
41794
45797
2661
15879
41220
42992
29186
33595
40467
46169
2613
519
29344
10840
18234
16262
33599
15593
20681
30252
39525
33393
19135
40848
42069
1543
41507
45314
27196
20222
44488
20758
17381
12374
25054
25086
42232
2663
35884
3822
28795
29883
36742
3180
49263
31238
22041
668
9917
3337
47285
49104
34915
31434
27410
9187
8939
44908
25050
16388
1924
34874
34432
27857
8446
2649
45230
37526
8601
10436
25832
36225
4926
13643
42948
36217
41756
1718
5149
25105
27384
35638
49258
49058
31411
1954
22675
19658
31012
40454
36160
10480
10149
42260
36182
20795
6539
32982
19533
26934
34429
19992
23134
20412
49077
47005
1438
41076
18876
31620
28175
3237
37235
15817
37943
15001
23478
17851
41738
18895
3701
13007
30174
3517
16992
21153
17070
21846
41506
15120
16602
843
37254
35694
37371
19237
19719
13017
13273
10412
46027
37690
46427
44365
7256
42832
588
26061
27385
28402
13897
49250
2694
30900
10994
1804
22901
13516
44326
12152
12150
30642
32548
46444
46547
21585
49995
49982
20486
5178
5123
37281
17473
21014
38122
25466
16570
15706
35769
17028
44480
39878
40777
45334
30833
49687
11090
33273
4840
22009
43555
47848
24481
25232
11960
5053
33732
35710
23201
9418
15557
38472
1134
28632
20277
30819
14637
11596
24914
32495
12618
18713
8006
2830
31439
30313
40405
6490
37018
10809
17707
43074
8776
24984
47677
6554
4267
16619
31087
28956
38163
44733
19516
36482
43766
28499
15759
29118
22960
33307
28895
12354
26841
38451
29374
25891
13762
11876
23611
17388
44947
17309
8110
4445
13785
39561
16506
4959
37509
38075
28399
41939
49735
41361
40681
9451
17752
37792
11753
26441
15905
4041
45619
49039
36168
493
1536
31860
14822
8983
46965
16843
25582
42216
312
25214
14665
47171
4306
14594
28463
48887
12666
38983
15416
30311
7928
36946
13444
207
31668
13340
25756
37809
31467
24910
15256
7256
20481
37812
20903
42206
19723
12996
42170
19946
46281
33440
15361
43986
17909
46203
2990
43814
9209
1807
31421
27528
11734
12256
46433
2098
45091
3114
47132
19852
23264
31300
39034
14601
26685
36061
49544
1921
29229
26966
21368
33779
36471
27175
45259
46613
27991
21057
32878
3718
22613
21308
25065
44511
14876
25
4652
10939
39183
29552
27151
38369
38257
46291
41655
29783
11281
17793
41637
36669
47782
13465
2911
35628
38883
25147
40664
31608
10616
5406
1097
9054
8546
41310
6376
30080
48018
997
3064
46465
7311
25959
10693
48561
17399
23216
24214
2642
23815
37729
48580
37264
13665
21980
3684
49318
23265
18741
44677
30398
46584
20713
11831
39314
18510
20447
6770
46613
25527
30496
39979
46878
34741
44075
40259
33950
12073
1205
19137
38200
4463
14400
26951
11775
29457
35299
11356
25137
42854
29219
31561
27184
8796
5263
19070
627
15275
30173
40086
11577
44575
3198
26039
33337
27879
15600
10609
9100
21562
37829
9473
2319
42765
21309
37046
48066
46747
42978
42818
30524
32392
40445
39502
13542
7679
5866
22274
39028
50
16582
7756
22436
7355
33827
34536
17068
21186
47215
47966
30217
37264
44208
29150
21295
32470
4683
40178
7246
21520
29700
44304
4374
6179
23680
21473
45254
3533
38320
25294
26246
31382
19097
47443
29401
41331
32660
600
33967
38840
18760
32637
46504
3539
12009
49036
28388
9517
32596
12398
24200
22956
6840
21013
32836
18165
40561
7747
28250
16273
14196
21129
14870
17285
30258
16441
45182
7961
41415
11550
19093
46621
3897
1824
26451
5415
25322
27171
23191
15869
25543
34781
7947
5985
49859
4713
8852
31145
47349
47840
47793
3235
24220
32147
32733
27229
3575
21161
14614
38437
40404
7727
21278
27544
35147
25611
20139
30508
29745
23179
42461
13230
6888
44210
8408
36996
16831
33760
2485
21532
596
21436
7658
34990
24999
42351
214
46802
16652
47285
44688
9614
41770
31744
11651
42489
38653
36979
41276
33673
19367
15930
23195
21284
8216
35281
6540
48522
17427
18967
10332
48503
44032
9848
6011
6292
27082
10044
9427
22454
44470
10262
24532
37537
17865
27193
37580
46619
15071
36997
45107
38091
44540
2762
43949
46205
34813
24085
44944
7031
44154
31206
20156
38587
19903
465
30889
38645
23814
4908
35424
5963
823
13722
20050
26405
25697
26848
7724
18512
4221
11057
9722
36793
38432
27402
42141
37091
5042
26948
44236
22333
5392
41506
7768
3353
22077
10260
46978
41171
13263
20936
19231
22432
20959
7736
37172
17024
10737
5737
40984
836
45065
42347
42341
17372
49998
31530
36374
19606
46474
23215
30889
31764
39211
39359
39181
31847
964
7182
7043
17809
45517
26813
26253
7697
45958
41234
47116
25172
32849
1638
34684
8266
10367
3962
12712
42440
39679
26356
24546
13558
29460
19970
908
9394
38000
14006
24126
12504
33832
9006
16776
48869
16912
31727
1713
23145
31189
31873
17262
16648
11033
9637
19957
15191
9887
29310
7914
3762
8630
34369
38329
47886
19218
7900
5381
33350
13684
36234
48199
48598
26694
47580
36702
27155
33389
15765
30365
17328
38251
3871
6466
13238
13419
38802
12538
26024
26023
11711
23667
1308
48847
40202
6657
48359
38985
41844
7542
29157
39581
17628
15820
30157
5009
7495
17462
49463
4376
25052
25501
9566
517
32143
35954
18400
19348
12625
25337
41207
15986
33864
41208
42045
15110
628
20579
9368
31872
778
34338
23714
16401
19716
7159
10074
43577
32311
28870
11443
43159
16124
8908
37426
43905
8001
10410
2160
42698
22065
36627
49646
28966
19977
41228
26171
6374
43871
6403
14792
11754
14199
18486
14479
21551
35415
17506
5960
12103
27352
37008
24276
27397
33493
19104
36072
7336
21822
21853
18028
7594
29390
10466
1836
44372
21988
6407
4076
13317
49407
34672
33423
21082
44616
24125
25089
25666
45713
567
4678
27073
26301
24399
7394
40375
43326
35509
13773
43509
43645
29096
28312
29994
21379
5043
22220
28717
1912
46751
20547
37588
32027
24956
38802
27926
43865
6191
19467
3239
37801
32800
49141
41828
47746
6976
40933
9549
39632
11972
34772
20816
46366
10704
41287
31224
29213
5843
48009
31111
34748
13698
33677
6233
11266
38487
17700
16030
8785
34092
18590
18456
32114
23453
38888
19795
47131
2906
33081
35633
38043
38513
26816
43758
37486
22577
12263
26130
34587
11206
35320
22665
6179
29021
40367
18323
8364
21429
46913
19713
22022
48533
34580
19287
48122
29269
3791
4099
47516
42132
27818
3255
25346
25933
23309
37185
32065
12015
3413
48700
23608
34064
25638
28511
8040
30446
18511
47400
11282
27778
30991
24242
36292
26643
7954
6257
43341
9648
44665
1352
26357
14656
7007
21603
32068
16349
44698
22261
34851
13487
27847
3965
32123
26389
15581
47154
41629
15832
46234
38206
40064
24399
37015
30082
743
15408
41256
14732
37407
12992
47800
40808
37415
21036
47877
28115
1435
36247
8466
46998
8095
19051
15801
5850
22718
27383
2999
40516
5805
46429
42654
9240
36199
19626
13401
20823
30498
32793
10826
18138
24274
39565
33934
44565
27629
39008
23155
31143
23211
11853
14100
14730
36330
25713
28984
11581
22119
21111
35686
17411
40892
20520
9078
16256
25388
9362
33044
23631
18494
28262
20045
24681
22048
19125
33062
148
34277
