1095927484
1495048786
1793938254
1378286131
1338381108
1090546020
1178236484
1817674540
1483892911
1617237576
1681946696
1912441389
1558585770
1302644107
1662144493
1833009118
1624620667
1705622070
1468075893
1325360906
1723023056
1428749154
1431343253
1648987315
1458916627
1126763388
1574217032
1420920304
1391619333
1353930267
1505199709
1546419339
1015534791
1539972860
1945876353
1199398131
1680513481
1841433379
1642318606
1672394396
1005991832
1080047657
1278929243
1968712832
1437853555
1611341889
1506210696
1634770311
1284635184
1137527899
1685950433
1995519304
1889045821
1481077017
1541604516
1004234965
1494546200
1157037103
1675088822
1484687633
1398181661
1211013619
1940388347
1859645887
1760491253
1681925800
1559646461
1016074488
1917408344
1696135961
1833847643
1794259872
1442924934
1744781159
1229572598
1283034711
1061635733
1266351420
1055058262
1833338206
1067954496
1998457112
1668094834
1464664858
1112816510
1513329840
1372658421
1760930454
1819844212
1620623715
1097904092
1158192178
1037854236
1068691580
1237498330
1178533260
1346406271
1980524196
1817142439
1204263115
1289368677
1401759379
1310979658
1403219254
1699079590
1878644110
1750375433
1553400850
1466106804
1196218655
1245143450
1642194391
1594909618
1340988462
1720776728
1654677646
1971630430
1351642763
1388488421
1024586192
1903875570
1674045452
1518258489
1194615538
1566941583
1176064902
1847888540
1461926613
1470913501
1712485010
1970605264
1933250547
1708443891
1801650368
1645523574
1190753400
1021711229
1476215309
1608495018
1389487560
1467846917
1044312426
1972676470
1628538323
1644210672
1989711024
1980425895
1128372765
1386492847
1084945417
1377418322
1765123790
1380445685
1494712158
1986975942
1436605495
1684953426
1131240918
1242169498
1280106332
1777880311
1453892212
1861855736
1145893022
1003104280
1076157041
1567658077
1159731512
1427405874
1031777772
1809351442
1195204986
1889100857
1036338339
1437434464
1345606718
1176249829
1261410544
1289362870
1498746254
1081171036
1769856512
1613311793
1846778941
1203622337
1490840894
1179932684
1664197005
1470807843
1006177685
1653090794
1009184197
1267161936
1854797577
1761652610
1710655455
1302041178
1658079555
1223576436
1221657761
1666538360
1742414702
1955612445
1439634816
1343271659
1489720367
1722916895
1140711474
1584311030
1323109835
1006040406
1192251514
1151385386
1933925572
1986795381
1947355536
1776973927
1801968241
1994197319
1140138068
1953907227
1539676349
1444816745
1826280964
1369196792
1387469165
1642622618
1129289320
1510621563
1925657637
1505791858
1687840402
1964007351
1941170759
1786566917
1905491623
1472390510
1264628487
1025455761
1149323086
1915385426
1991457684
1817785361
1144140531
1216999914
1435684828
1474930022
1521764701
1961450510
1054886591
1459918263
1106953733
1701867452
1216926539
1946392940
1777058272
1901856664
1811786454
1697277832
1046472199
1197916174
1713306015
1590118700
1933468747
1150625189
1475289046
1412982821
1886659696
1445081156
1185409866
1708043391
1803989856
1501023322
1453196105
1437994369
1802156101
1509311767
1780453751
1004375286
1282716588
1390931506
1068218988
1915009098
1943541915
1998152958
1223788421
1820531974
1503761058
1515225287
1876877401
1119676965
1673313106
1415732383
1679470177
1077700659
1958205281
1826292096
1771196343
1293941187
1876609785
1067523403
1342968921
1171240280
1945175205
1066637682
1943382027
1170332643
1572049599
1470544132
1187547765
1440349093
1562924175
1819977813
1718225105
1297827588
1805633269
1468938385
1052004865
1368385380
1398222736
1486506597
1124582840
1176490759
1707089840
1928783647
1423254715
1281991641
1538798044
1829415507
1114610711
1586391486
1306339529
1836351181
1407088695
1001827786
1410023361
1916911968
1425478834
1003425455
1969426207
1026671009
1326716811
1224689695
1593228002
1280495313
1689447374
1911949199
1405025172
1625696107
1838939701
1374620392
1044606207
1031985374
1703568930
1404662960
1659064500
1916238699
1360554087
1377107104
1283082906
1222675468
1118181970
1749063297
1798929643
1818655531
1513937819
1098161980
1729193664
1883667515
1370401225
1034914249
1186034942
1703261677
1081170501
1453127708
1894400692
1410924388
1018723580
1118887970
1877676018
1414205703
1564501034
1438798122
1591745749
1192498916
1299646989
1619501606
1983961709
1410650477
1664656773
1467729966
1075537305
1036524376
1267935951
1194792891
1056983330
1431262073
1905216966
1545249905
1719634195
1951315593
1263647281
1166083646
1648770116
1547111121
1038678406
1071068424
1904104315
1963119166
1602202134
1958403190
1387574821
1743762587
1715179507
1985001625
1015718403
1638889353
1980919341
1552177688
1975252688
1548806824
1591062090
1672083614
1590620494
1346594427
1566223798
1045979422
1297527280
1413833042
1884698303
1168019026
1636284361
1348456482
1896564876
1494939030
1327921044
1487834122
1817459107
1279022885
1609499523
1926626549
1675113123
1051752868
1330741333
1047053364
1428603998
1780544750
1533755052
1724090411
1205257004
1851520368
1644538514
1457276055
1420157273
1986035653
1807687803
1236651207
1677727640
1444592286
1924306728
1218515865
1619272789
1067911399
1423352884
1920885761
1377368933
1064126913
1227696857
1403120400
1196903331
1941342486
1546703194
1061717463
1888253154
1991405191
1471973621
1917898481
1796645892
1885610677
1881109227
1469301181
1010162294
1539641028
1420299975
1078421687
1239658918
1826047256
1807661844
1734634121
1492436002
1498357849
1790771074
1350878396
1078681867
1660939457
1043618181
1283691347
1827099729
1092608222
1590799882
1228946751
1041698643
1227207534
1522175867
1709733589
1934226709
1616245200
1982065903
1434233293
1866157669
1584904946
1641350955
1236589847
1363905984
1198763286
1142616498
1796900360
1187479278
1209875419
1186537619
1887079785
1223996445
1532416063
1345861264
1571381245
1026058527
1036455059
1501130370
1972503249
1461287076
1477659414
1393288890
1168922841
1293706448
1775695708
1071236561
1311866694
1461350257
1197405417
1825561365
1604546723
1495914797
1571619052
1420037864
1139141878
1807274804
1464862112
1048065246
1039450823
1543301768
1692329542
1640513331
1250772382
1645626126
1877962345
1319776071
1011222003
1673991348
1206317574
1049066705
1993740579
1225462842
1481213643
1108477750
1877314524
1040769195
1379740558
1232727890
1913261343
1656333810
1405252813
1233681738
1067484868
1050135708
1074511077
1268564640
1015261261
1294092521
1219419475
1195348103
1952928624
1414615224
1495340315
1373429277
1900582936
1111506958
1392942884
1806976918
1273616430
1149401529
1563379603
1911769096
1696933484
1672077669
1850173590
1622497764
1071480487
1874545615
1600868193
1602908388
1339621953
1559233242
1414310810
1395627113
1490112127
1195206531
1683678984
1063883540
1693580487
1809062602
1225677049
1039729477
1452896903
1698847203
1955021382
1528340832
1165925524
1717158515
1887568850
1316448403
1731966352
1460068159
1961368211
1916385313
1990438091
1355167988
1392403904
1576497091
1271850966
1940154126
1063648511
1556103750
1124053745
1075889357
1766532998
1859421067
1343019228
1546036589
1901672493
1354743056
1037668981
1655861294
1985496591
1358711880
1777944699
1168192475
1289263167
1172481031
1215413174
1997966466
1374143341
1022063664
1561919399
1940021341
1925597045
1669164364
1181396707
1851887039
1272308928
1134901368
1217164566
1593760384
1580110432
1635566322
1364097372
1343157517
1928729072
1446764394
1543411630
1832374591
1293354949
1723440749
1243702156
1852438597
1846047900
1236586872
1074254049
1739784624
1309430029
1723711806
1702202176
1971556928
1252300862
1001929150
1546580722
1716649748
1656329945
1895388423
1325728217
1646583334
1883860729
1945419738
1752181396
1589226994
1484906180
1702457250
1675219044
1581951762
1634397969
1586226741
1881077646
1348830592
1337876646
1279744410
1900812840
1535335106
1401785557
1410287082
1268632558
1919275072
1770773472
1160132888
1330060640
1202980155
1503577050
1255640282
1308464256
1265108865
1117147307
1613335371
1237271406
1205661231
1315487468
1154236234
1338102206
1197556496
1475456805
1160501708
1833263475
1578831958
1455573844
1274911974
1040880013
1159268396
1004027541
1554081058
1844966541
1183041302
1428393191
1403409064
1170872226
1336250532
1213949397
1499336560
1216996748
1146922197
1797315301
1315835425
1781402341
1140490015
1412742990
1526215869
1529713504
1133529379
1457611919
1090047050
1045697908
1812514261
1527959697
1963561254
1253020340
1833591349
1063040261
1191080696
1910226780
1978402316
1546148502
1553802701
1522818354
1944530410
1283906891
1975835317
1543865366
1345914842
1157875465
1292501320
1244990330
1551019555
1571722443
1975397706
1052341709
1360461277
1261903767
1508819198
1153881009
1891472809
1811495258
1614386081
1307229476
1906651859
1090253575
1603677248
1131089537
1402768201
1353618014
1438574680
1265523928
1654420126
1143380469
1138521153
1080466989
1361019820
1821174868
1794694460
1159935624
1140732753
1596090465
1759164764
1906136621
1047158685
1123115917
1653012082
1936692319
1258006799
1690278978
1683169816
1087118081
1739008106
1067099181
1277894988
1700912333
1655115520
1045350124
1845098017
1606301624
1239210069
1662912276
1687980362
1335847329
1768107371
1993195770
1138821520
1883104620
1629872669
1242947921
1797112646
1722279442
1424134687
1229862801
1458485951
1495738669
1487015237
1995364624
1201333375
1431533687
1101111385
1503122140
1803544231
1136750730
1338039410
1388404871
1350336700
1288923423
1783206439
1924111140
1220499445
1429118848
1742815643
1125253106
1280508496
1267045642
1671854690
1542377695
1754112217
1447338192
1996761962
1716701505
1583128267
1055117406
1049408784
1070092685
1251883289
1952055490
1972932160
1952157856
1109105745
1061983538
1044713517
1272900404
1436511775
1258836820
1278155535
1640793115
1972438259
1358631353
1763876239
1673586790
1017428426
1776961313
1417043871
1799155225
1836195709
1064504463
1499891693
1275399209
1305350961
1127181962
1795103189
1118835692
1757729225
1091687680
1685572202
1825292045
1189125057
1182096434
1641984847
1758592427
1050225047
1454973184
1165327076
1249047143
1640025987
1382427277
1010156662
1132781234
1119860401
1735021522
1096498490
1518907563
1681240928
1533051466
1432233891
1252208320
1417909837
1148232017
1367333618
1800041076
1482007064
1414784564
1106756988
1562344209
1680525494
1414501164
1545660455
1722165269
1997438591
1712361906
1830239424
1837918062
1414716929
1524549832
1299356738
1482166087
1431647628
1082159014
1209105150
1359373646
1630301456
1093711633
1646385152
1527350687
1535863666
1646870617
1888047570
1539771908
1845687379
1766835690
1390769916
1703240883
1141478944
1584650537
1227746291
1477609841
1822836101
1606916907
1770350151
1296007193
1236127219
1561602711
1847305359
1178733283
1843878021
1382599641
1145330957
1620305611
1345772793
1888816267
1955374915
1872263007
1810881017
1283958719
1688196900
1025553320
1974108700
1901226072
1492544585
1990099783
1820138879
1903124806
1753606330
1048820023
1015600715
1137749499
1042442582
1578209786
1228798864
1068922275
1272244237
1479987476
1887861253
1278944181
1994514774
1048349738
1890266458
1951763342
1762034608
1650586836
1106694810
1236879595
1950340528
1660266882
1532907988
1844946248
1049332583
1612210194
1142178703
1388642670
1932882720
1386262546
1118268480
1200367779
1199648143
1140928055
1475107920
1038852195
1433038169
1676746195
1071051238
1513916322
1409866788
1451995692
1394023192
1192167125
1471588119
1823342630
1512385344
1356853727
1181305571
1248820115
1915781072
1500144239
1518303856
1237288749
1700899745
1268299396
1772152694
1729016477
1238834579
1738406933
1608405792
1229824682
1372635684
1482664305
1488738083
1450626678
1355818377
1398902504
1784811223
1727924055
1427642203
1799639721
1852711391
1086429082
1859121986
1217419045
1512628378
1329045186
1981085137
1194345542
1905953379
1605376533
1550323307
1287188626
1158091556
1769054745
1336348640
1146523490
1099751816
1818879786
1081788542
1747058392
1102550973
1424204669
1031235543
1833455794
1464295743
1025231497
1618687117
1053595994
1065407800
1194799433
1909446962
1175622142
1920569849
1149397119
1769020116
1225828858
1632675038
1635404750
1731488775
1649332653
1381204913
1288789317
1228824120
1157911366
1638188886
1017493287
1138886180
1949375056
1961262800
1130355226
1471124667
1915001552
1875229004
1271611502
1960173536
1282857179
1187868980
1089713179
1221901589
1018133415
1798886980
1697198488
1449636450
1893070918
1951993577
1059374729
1701228117
1301711467
1220528914
1931113653
1105055408
1899098214
1697250094
1450411951
1252204714
1355750135
1968507971
1531370168
1576138283
1732407729
1831388863
1108029696
1416848862
1895078580
1497599307
1092945272
1087129548
1847630659
1972207130
1870948292
1076244694
1740287462
1868609932
1456075644
1386487218
1479169755
1543417820
1860659537
1303689504
1203324146
1288399203
1035333815
1233507297
1527224786
1451872048
1226868224
1116390369
1155095166
1784288820
1407937774
1433162369
1013184564
1968515682
1222534476
1135093128
1861588650
1766618763
1014234885
1903246088
1706164664
1212767105
1563983286
1782225180
1574286911
1048976056
1454608282
1900226777
1339309255
1924875108
1050304172
1894948930
1772566182
1047770323
1131490350
1590472724
1893929612
1700493443
1592697204
1933749954
1039985492
1584913516
1345352016
1641321501
1819975680
1494375432
1889428690
1234151899
1291288185
1999774699
1308136413
1725845761
1225758267
1914264147
1815160807
1731618051
1905800634
1547287359
1558224926
1824147298
1552863034
1485897696
1334730050
1085641681
1537777025
1387462930
1043721961
1636783062
1463359393
1206952135
1329786054
1699500771
1784883626
1736639537
1724806067
1991398324
1206004234
1809586438
1034142942
1380093099
1079542764
1233506206
1903648298
1183087499
1383652437
1511923424
1783194601
1474342134
1804496054
1685618612
1870814720
1461940552
1249800976
1273648392
1979124008
1672446714
1238948174
1046133931
1310251413
1378341851
1512077687
1829775523
1278226110
1417849249
1124270337
1655815419
1389646827
1308095538
1562535005
1508261148
1200872502
1346339535
1148665681
1567267571
1878708377
1764157344
1511664304
1343957351
1846618320
1872960981
1191077807
1350297377
1115172905
1721196196
1975634470
1596991690
1149290708
1022681222
1834408458
1660820077
1508132835
1660865337
1210832193
1633378340
1717891357
1705103600
1316802755
1222413778
1193693249
1133502282
1611685619
1693911145
1245071459
1430734004
1431105358
1052031531
1901504307
1760629254
1253613866
1226664805
1130676693
1963109281
1666105360
1185841606
1066517326
1201140884
1444545502
1254830281
1511639511
1755040725
1721259458
1189055617
1904805231
1390774459
1671437295
1021794317
1984464171
1639196443
1257762515
1613900145
1236418398
1820628132
1994871702
1547764941
1413077669
1788672173
1376699751
1463102139
1801497006
1284951206
1874625692
1934294921
1183302014
1958270455
1998359828
1478321958
1998025276
1061321813
1472278199
1436706363
1279660734
1636345696
1900242340
1757484052
1278944307
1221462299
1985280970
1390365327
1232902276
1008425904
1439806922
1119418241
1456586381
1136880868
1069436381
1159101042
1271448556
1951249746
1249084702
1179145352
1653410627
1290530528
1073050103
1270828988
1835998917
1657227878
1111991689
1486149708
1353903060
1496182366
1614869513
1883039042
1213816797
1240906570
1144207663
1204289626
1714834311
1197541271
1078593968
1754208816
1184871692
1082937091
1434766638
1154954086
1651106792
1952634600
1804294499
1691537446
1894770509
1509647433
1455142051
1970942415
1939656936
1305195893
1022050068
1805345027
1064944542
1889466792
1516011320
1586320907
1335970084
1855161249
1583664931
1083483005
1083434346
1475212845
1572938415
1706522643
1126730831
1437990598
1067580980
1660543473
1849004384
1108324167
1641651761
1040387289
1322445006
1919224825
1375429852
1214057941
1324431496
1709348749
1374373358
1324476572
1817537684
1200870039
1836157635
1431008951
1093644586
1893198171
1092755432
1362382098
1725742531
1270796209
1094060917
1595196686
1943070452
1680194912
1371592997
1220174129
1054243523
1800486176
1667489568
1359974929
1975448743
1785825966
1168198198
1898847897
1207596729
1178991006
1078946981
1375459115
1532875955
1069562533
1450926903
1942954359
1974169479
1754944337
1854405198
1581639401
1671246716
1901024970
1243819346
1084633547
1920364412
1687976549
1172207200
1314099883
1535137591
1062825570
1831374130
1228101466
1682870929
1658119377
1038843657
1766566403
1986036274
1357036697
1810570422
1021239188
1831061844
1028279264
1641227211
1511714214
1460913334
1620093947
1098792179
1625518598
1599540333
1211436644
1200395950
1030642832
1514039220
1045482995
1911107634
1886478382
1930953394
1704956756
1320503812
1149875204
1688588196
1004665359
1197389428
1428726211
1150706656
1512244706
1201976628
1923148564
1041319385
1708229065
1256985174
1557199218
1336969063
1611133666
1495963366
1581611647
1618729777
1652083711
1026305001
1015182137
1188621219
1426742945
1165429368
1166296997
1526660497
1830193541
1812089090
1036311665
1825676767
1602105353
1193348274
1277876423
1442084259
1865932117
1692055089
1748817469
1170774833
1303496371
1112258049
1912855296
1104756647
1770258646
1806587113
1548833641
1355194688
1082423139
1908358949
1946443798
1077501961
1174393475
1664134369
1550651299
1690014604
1893985718
1206097029
1964690551
1247612588
1724105012
1554159070
1817252526
1182796841
1685805489
1423993439
1715536943
1615555083
1345515105
1164175549
1038096252
1620290706
1296918875
1564195055
1922300803
1740713407
1440784695
1363534390
1175645388
1791603689
1103394127
1747724297
1587981057
1961173043
1035274134
1725227569
1639086255
1546284113
1365377881
1538059648
1680141378
1556479958
1957465615
1991933982
1545280861
1881634614
1943955435
1394160069
1026741176
1260620850
1777850494
1489911448
1434107353
1247704552
1869224435
1449086400
1811832109
1032592337
1068262044
1535653012
1462970158
1567383570
1342545545
1016187200
1397788787
1103355353
1842255163
1400579983
1283971648
1719814049
1189615251
1343617374
1071110727
1426892154
1611779650
1361041270
1395227566
1471072280
1863742510
1195861100
1742094188
1255543000
1562759243
1976715878
1708410791
1747156174
1514736152
1143400085
1696073270
1202747450
1852007676
1492004806
1369242625
1067744984
1595778583
1022461747
1425251610
1050242758
1070235179
1554700050
1910889614
1182757533
1155038650
1367845951
1486327901
1276689028
1751080562
1560693640
1170559629
1000167425
1440498557
1561744141
1464180135
1758947846
1013962967
1781314585
1294021445
1845736655
1386483163
1103114205
1251254600
1636793608
1894435143
1354506507
1187257084
1240059490
1391723638
1056746290
1842144159
1207252097
1773840548
1895192858
1033542369
1707030686
1147869258
1811445881
1374336132
1661027915
1100443311
1599127120
1319508610
1960529060
1052242927
1224662986
1748767648
1904972720
1931413176
1455284789
1337540010
1831708089
1833719202
1603706496
1729927944
1771081653
1112260099
1473059053
1657427190
1643418560
1796376670
1227989911
1460905120
1498899809
1218415931
1418753243
1238528942
1761698182
1145530509
1418058409
1819709361
1988600801
1540171414
1907731628
1354531490
1171737623
1845225993
1121946878
1201277698
1485712193
1538818152
1412942088
1615377915
1116579164
1268880609
1715467979
1306358648
1452182433
1517808928
1597965278
1014750199
1983478549
1913101185
1839925133
1208941107
1301063221
1608307117
1289391169
1502448050
1455414207
1094847872
1232869923
1903567803
1702144460
1298184968
1896954174
1997853948
1172645681
1387281556
1844338220
1366454230
1701269576
1147793549
1492757274
1653849203
1940724329
1627131030
1256975771
1154083644
1003199139
1933681296
1906834601
1224777554
1970278148
1106900650
1929916518
1839953808
1860211156
1172796970
1959044528
1255560226
1879234820
1250600315
1278343359
1642303502
1524067681
1831314657
1437672809
1910828795
1963519516
1534438672
1351738747
1554281910
1761303094
1045280104
1136869479
1455111165
1342369599
1159228858
1388806737
1080458409
1008646097
1225430209
1739030416
1587904220
1802601197
1485274362
1852146527
1775029686
1096293573
1618409146
1691747952
1195260061
1175090233
1893968853
1606088783
1161649792
1623768091
1815785682
1156617800
1894161882
1827320562
1594823490
1119488465
1419293777
1629528920
1100622711
1694163950
1840365263
1790348440
1702849101
1652766163
1167884822
1266673431
1184555452
1706699719
1575997456
1895172977
1192273297
1396163541
1769175520
1613633443
1433206997
1519427914
1476293339
1126573188
1116955857
1677364994
1874368059
1263162099
1825514644
1430024690
1711756400
1337022550
1673256061
1038890232
1991504067
1367297584
1706712551
1691144053
1534371428
1785738595
1832504485
1606288790
1835371184
1625196727
1805096876
1648945656
1701777899
1830268624
1200753692
1993246382
1673550809
1531613564
1370235067
1034805362
1125796798
1860747771
1374379000
1375219257
1988097330
1212555369
1335601193
1161757991
1271284557
1940574547
1996292365
1623590363
1876306575
1516044717
1677341083
1674489528
1401673446
1916835328
1949084254
1285120024
1992761203
1792502143
1996747261
1279029355
1493041416
1727840671
1827524043
1367327902
1718146419
1733834604
1819702523
1871804048
1236182145
1714805963
1019834336
1020211129
1267056164
1982361583
1334441387
1826022990
1500447354
1030817274
1198828177
1832037803
1474321604
1987001920
1261639596
1961669311
1211066652
1244673835
1832461203
1105654636
1894926155
1302251961
1003441336
1100657889
1133429319
1376745841
1473651547
1860516133
1845049826
1901843601
1021217801
1207016844
1910048320
1712426407
1378253000
1128776725
1522475664
1201495385
1217550597
1563859868
1761314498
1626693639
1618413976
1625663243
1548014000
1955917048
1464275937
1374656174
1916717094
1267803338
1629451486
1362401793
1703379804
1976879473
1493766910
1173443401
1946936922
1753698040
1417213864
1175356052
1988228587
1637772623
1289019558
1677903979
1943146582
1359461261
1290500203
1803493320
1774269294
1247491028
1342372573
1372145788
1417525107
1793019008
1543628890
1548687814
1603875906
1209027201
1376057720
1563041691
1310315260
1384206292
1137260104
1657083831
1386149224
1809116039
1131547110
1525700267
1741495655
1866990464
1661617857
1262304436
1266192861
1905890452
1687723636
1621455978
1430963339
1815153399
1801590632
1324045029
1740773428
1642865651
1200658366
1270177193
1667954650
1223311997
1036338041
1168511771
1551095667
1955932459
1246288968
1755847044
1432511919
1035705969
1843920382
1901342644
1680316496
1662505451
1027920387
1958785020
1020052533
1846023512
1237187494
1853374232
1974359706
1366784117
1606191871
1163730596
1446511880
1117463498
1609101681
1387624914
1566853193
1212275077
1546191807
1529878254
1518878701
1026898440
1466695485
1755670057
1444535100
1534668411
1015315837
1967025171
1578284988
1912915904
1165428435
1444254345
1423490120
1887894164
1037370624
1441170025
1461570536
1814658715
1361512367
1208738984
1652208284
1593743257
1868885216
1934160757
1512397724
1556058405
1508203211
1898492391
1921463147
1215775873
1413408333
1020110368
1986031968
1706147862
1679330666
1147303614
1481178588
1771086508
1456411761
1649967443
1063641942
1703400336
1787802143
1950664632
1269452038
1425233898
1791295153
1502578799
1800667242
1890325240
1992437837
1031463125
1834684679
1522639924
1094245355
1063177330
1561818391
1983422229
1850895809
1931620932
1313706078
1429384022
1820843434
1537247354
1117786947
1091408197
1050787422
1657349050
1297858287
1828249832
1956053219
1246988679
1999214610
1029522656
1751450531
1006054227
1249745396
1824903895
1240600295
1705101513
1490724614
1981296178
1166154856
1527163910
1168623712
1542976699
1543794183
1964319946
1211927125
1836312353
1391170961
1030725835
1787537367
1419918284
1092383319
1794166113
1055623047
1819336066
1940507901
1750640662
1151661163
1856551065
1025796356
1863940274
1479208376
1744578441
1235849946
1287248953
1489674206
1932264782
1846191171
1197413830
1066961515
1920961232
1253797552
1463266221
1735926737
1161401853
1734984843
1108161065
1917750648
1679310729
1807845008
1429888985
1806046052
1813254420
1490580696
1635030973
1184801771
1574399660
1762760048
1553931161
1931941137
1776381065
1402850902
1655475510
1409511187
1553701928
1075004218
1580256839
1175653851
1682760766
1578282043
1605755447
1373821545
1532740768
1049762003
1047104537
1375434226
1349951738
1856867076
1746322724
1840943273
1861765248
1768366302
1164660456
1750171003
1975090924
1223598312
1857124993
1006789758
1125389663
1881419459
1515065875
1963841236
1141323985
1130062635
1098232587
1356887455
1255696562
1745683153
1225493124
1647373366
1381032949
1713973641
1739560592
1600430951
1955742118
1572947908
1587170539
1696170821
1862785109
1233824200
1072335442
1641196332
1784827269
1418652813
1830166560
1314200455
1560383578
1559537296
1094938292
1191769775
1715729413
1298862915
1424113045
1323708122
1473439973
1721109437
1836658933
1799252312
1684185666
1096182078
1632960011
1898705419
1408108391
1200428066
1690287219
1839013737
1775554866
1763051240
1380381353
1415259720
1567989043
1137866607
1361518711
1481700177
1364130786
1335023371
1686201601
1184862604
1662832222
1697769602
1743211371
1735856306
1037398408
1481545613
1059964907
1143359887
1044415218
1826117088
1867394568
1129162465
1984862397
1687563920
1314656042
1110930877
1580569219
1812031653
1323904498
1553602501
1959516979
1226960656
1595136702
1352969220
1748560285
1767109689
1602263259
1544411110
1932923598
1709565544
1192396645
1582730593
1476808405
1844539656
1590025262
1970957494
1205474502
1525806947
1723416294
1037807828
1357255653
1012323884
1672857220
1762072245
1147735307
1805817530
1887966154
1634841308
1928564704
1671401009
1413916602
1981050304
1234974516
1999323056
1316524394
1904795819
1208826048
1031288926
1361846290
1874993152
1983710012
1869812765
1371250953
1574936255
1003111663
1924541421
1531680423
1779469565
1876609921
1409157835
1848820526
1764651723
1389259274
1279298627
1137207797
1517517334
1835484421
1436127138
1900942483
1659102100
1289883642
1550934092
1377177869
1447072744
1378540175
1072686601
1315047911
1032672348
1010012956
1706126403
1230146285
1860785799
1785712978
1380196669
1766162090
1071258073
1496877908
1188275359
1808507850
1626053594
1395260666
1024261060
1575046515
1340143496
1250678351
1182776604
1820947489
1781103832
1095267579
1911640612
1420337273
1122525933
1553437413
1685191906
1452477432
1647311070
1177887424
1973980407
1663662184
1851825794
1970455789
1006036304
1270458858
1837069562
1740606626
1928210449
1238916602
1906231885
1916496325
1191375717
1276317309
1060231372
1335870271
1977876307
1629917700
1604004047
1603994207
1710769176
1302336977
1352986291
1792538636
1547921707
1748656105
1611958354
1354700220
1289148973
1407330113
1204778416
1050503118
1588234345
1334707220
1317581444
1335509421
1694443350
1252465026
1077067682
1509231900
1268401924
1404449643
1199530685
1365229284
1434204726
1093484824
1353998478
1954494419
1190821812
1238693221
1920503930
1210298461
1716846213
1834126600
1016418911
1842444150
1445418841
1262919384
1070504346
1205893371
1336206894
1034099708
1047120901
1629764908
1794538361
1999363703
1118566911
1517192379
1769864301
1281071522
1826592564
1181535025
1380279379
1895919067
1917410257
1551766853
1264459573
1172086705
1617012800
1748185499
1650409111
1067523741
1981837174
1846687447
1957620248
1923446570
1374508021
1735377266
1488659635
1421690105
1755586757
1476672189
1252354327
1515502315
1531313886
1946108034
1748259728
1652974016
1393692182
1627500952
1118540271
1525383764
1803099908
1102549296
1427977688
1001281786
1853338203
1741177829
1434797446
1960022131
1814194713
1422126227
1431114813
1331796386
1163993337
1433632769
1076174429
1755877508
1604244188
1861971752
1745870399
1730109604
1243276101
1033938396
1462709678
1503018819
1723528442
1839135044
1883243971
1915179323
1581360276
1330967661
1403631203
1461076717
1512988031
1495792959
1711188224
1940129245
1421234152
1580154479
1794177671
1860726425
1666504365
1348718418
1527077978
1298938996
1482814482
1023522514
1139293465
1548015207
1019575788
1988184683
1105424807
1678865814
1901743547
1275359846
1193093998
1897720015
1729526318
1828253796
1594326351
1514409332
1593911072
1547723815
1808780879
1667053224
1555610421
1509168866
1651092085
1577990659
1749461113
1932795773
1291137005
1853069248
1152805377
1473657710
1796431032
1201577402
1764259119
1789250291
1727752124
1958935691
1334167691
1573037505
1506451086
1958664265
1092644824
1278841248
1976719120
1111868616
1675885552
1904579015
1362855037
1963221932
1960528578
1112111658
1916485166
1992229289
1097983458
1591557004
1255169323
1458778441
1962046478
1199111083
1854218974
1042474880
1547662627
1865022270
1684061368
1555536268
1884415555
1500574545
1549070320
1692916173
1840395509
1177818393
1605439840
1004384144
1045154532
1046305088
1623777319
1189511016
1428703409
1446375877
1264004201
1666188472
1612380619
1092376008
1664141370
1292464491
1147552838
1393600284
1924619336
1713946589
1079519349
1597198337
1651260494
1506533267
1233530842
1290803680
1222730058
1086470133
1786286111
1016946520
1120072984
1362805003
1819127098
1156889904
1680721415
1618513851
1253920111
1637274549
1314642840
1328179547
1243176949
1789082202
1014598755
1039009063
1926425761
1944659948
1695009371
1485649147
1306415012
1883702744
1819422262
1839061474
1358410949
1639684437
1902745290
1722462785
1693642059
1703181767
1362937571
1495288286
1765011702
1370764782
1354045216
1279573083
1494656633
1595297354
1312353303
1941091331
1835159751
1930244588
1439456228
1484915178
1052577285
1256708325
1429539173
1989672206
1133978525
1798904056
1820293546
1760316912
1363360645
1761451275
1564857997
1854144901
1920601285
1199899225
1616311183
1487015383
1636765149
1307849169
1163479776
1678876644
1372244854
1436296821
1466974231
1061927540
1508576114
1040907098
1388425102
1864384041
1544429671
1081934415
1397670131
1678365916
1264946204
1477202479
1716646868
1278649067
1077696605
1860731237
1129631932
1443212569
1374884452
1422756883
1155359440
1570233612
1463544525
1720905924
1441047867
1444066241
1806666592
1134854823
1044458949
1138871769
1682995214
1964295564
1559262077
1291942017
1631094562
1319352801
1493691649
1239563286
1186281492
1257550687
1449758954
1731721674
1280606872
1783969769
1458220252
1161073759
1499861675
1137496608
1127131634
1985465612
1897084832
1805567732
1432875100
1812904663
1345995051
1860717228
1142793846
1897036171
1937552226
1831060383
1427888566
1007425691
1484681911
1727098142
1644623358
1771829111
1716339445
1582692365
1342202460
1645259421
1753399768
1205873800
1734017178
1010125685
1580846609
1267759096
1322576795
1633977968
1618960912
1241121226
1270124036
1807236569
1113111061
1108535554
1886606980
1016851948
1822924918
1886845872
1108656359
1611114281
1909944696
1101406572
1844866316
1460026829
1017921615
1851144005
1095122104
1702958390
1387371377
1893207626
1524622888
1256722490
1189269630
1319501132
1590805391
1688617532
1728513905
1235688227
1180975033
1469325538
1829365783
1553109209
1373775084
1993760966
1505492459
1393414745
1496614000
1130833662
1181635302
1311908434
1841516415
1344253499
1801324132
1619479983
1643920622
1529404450
1722122003
1327359808
1731298630
1035749199
1776595500
1769201046
1371292432
1033460326
1730573793
1701640020
1254545887
1858644601
1267459184
1615657569
1418940948
1493962974
1485611988
1692179505
1926092063
1221303892
1577339883
1544937521
1492986269
1166578692
1902030814
1778115693
1414739873
1495243691
1002418571
1391999326
1000400169
1599588349
1002630725
1457511021
1479351328
1549914110
1308742711
1121848621
1733626609
1272920822
1344698313
1106394822
1148844407
1336414761
1012032025
1378983854
1210957449
1036014487
1655797352
1600332835
1046831887
1106325009
1247223917
1827201249
1792563986
1094999610
1863793541
1208285056
1991557912
1711916780
1581011804
1697438553
1433453082
1724613595
1228091651
1699602577
1819024687
1049211630
1037809182
1599668338
1408905952
1563245496
1501197868
1992640982
1160469582
1430556396
1703441141
1079684692
1224245526
1130479118
1342097629
1935440324
1248275790
1996787049
1687710431
1007502118
1896593005
1220641381
1837005968
1031780731
1149817350
1921569023
1414122495
1094436103
1105261151
1123430342
1745421152
1998068568
1640182937
1597961393
1139363262
1733291062
1812976848
1984290740
1397852232
1854381256
1364033206
1010379566
1941797953
1702656558
1332590048
1472841322
1817262968
1224940669
1181590359
1622566717
1128154251
1774713494
1310904548
1124519973
1252183391
1317783351
1611068560
1570012030
1548932791
1266798731
1244889085
1850702493
1957258750
1180811249
1884077528
1720452841
1694131584
1402200918
1556011388
1638709999
1939304992
1383701476
1342480976
1484325087
1632349504
1382402563
1157951308
1587409139
1392230052
1312697603
1153276705
1531680376
1823335917
1451124271
1464948816
1357336713
1489448263
1625449441
1725134369
1644086572
1309371871
1024544765
1177883492
1909869768
1110987278
1427679385
1145453017
1236027358
1697773083
1424331625
1919252349
1822419385
1136131290
1304220845
1539964105
1164120757
1188398566
1003539208
1045497877
1285554249
1117147508
1965196734
1512470236
1238407240
1673243004
1129046036
1141821197
1883547447
1401237500
1657468775
1747360895
1125556578
1274463689
1165915643
1515987363
1106286140
1331986716
1483436012
1170143594
1382715692
1343507254
1979601591
1632903078
1031140023
1696211943
1947932021
1632039667
1493048509
1017539402
1428671947
1995071074
1512924549
1610734614
1358245832
1428124970
1736420348
1122506820
1432228292
1447344520
1742684687
1125675093
1049685585
1988065491
1246276156
1048376017
1760780151
1002219789
1530162446
1605007334
1039150045
1766270597
1893181312
1984885484
1208158994
1002393868
1035402737
1172470646
1924986609
1836384662
1872173089
1818033831
1755938662
1212284287
1772615869
1669313466
1875273388
1232255368
1211933312
1814245864
1793326784
1699140789
1080470121
1228129795
1762758020
1673917131
1544083621
1036001569
1145966992
1727285335
1300259662
1158896643
1779724152
1920232501
1403167691
1160542913
1163013526
1611711679
1168945560
1521825074
1536077545
1417222252
1916332223
1430154729
1671376887
1923367951
1647856599
1855847508
1824999412
1350350753
1505700379
1092613549
1199223979
1169105495
1020628247
1724176309
1863288044
1502946690
1655051963
1762462511
1103385511
1327830474
1813242880
1446614391
1278389774
1472389765
1620687819
1559000402
1899274553
1965383206
1223874253
1300598191
1249589023
1941488844
1863155480
1599342687
1588508939
1543079093
1205037992
1176338929
1067373530
1000775228
1243844372
1293158135
1983062797
1176122792
1015110218
1385879611
1547080311
1622053049
1047684145
1256961760
1698115370
1576747272
1534325241
1485258993
1393643565
1595748126
1661037789
1500595991
1142273260
1132914397
1331840880
1389811670
1491473451
1981644845
1261657720
1053429285
1798391896
1134712810
1869420732
1146904452
1638869010
1985719291
1515018971
1574047500
1252446051
1769104454
1200381929
1684025566
1186425528
1428374636
1896203894
1951227456
1981948447
1360305450
1407074662
1507764697
1515620602
1495946494
1766247031
1480179268
1844246198
1881206930
1972530336
1658940050
1040888990
1674574764
1102558096
1670195121
1365663016
1168371406
1398816238
1161967775
1237051838
1016962213
1084494005
1143192787
1872778837
1338402997
1943095135
1938069000
1350272115
1713826807
1519897556
1788645587
1106850996
1744021737
1096105844
1238791296
1005631304
1621794482
1075049003
1948634543
1669212169
1832260266
1562822200
1453453913
1378480704
1114654211
1700966248
1115804409
1508666631
1779564093
1917305578
1767329018
1156696316
1348247170
1839964554
1618562452
1472236154
1258103358
1282206637
1783058828
1055391655
1136246478
1643282927
1082927135
1778843979
1869171568
1996748330
1312455893
1074033955
1836468051
1038626940
1640667600
1066919612
1073486043
1397575762
1827538630
1688152808
1307438459
1886914528
1351501106
1134617720
1573972238
1174515669
1063272762
1965740963
1658153122
1713245627
1558217869
1379555681
1900035370
1657380962
1826935664
1717979752
1882925520
1314135949
1798059831
1237881931
1138573222
1710690819
1509548194
1135367038
1185703402
1564931908
1351393582
1958939634
1151803726
1552181083
1268467422
1623067618
1179632396
1212825264
1891393386
1371263005
1858245384
1898284786
1282696797
1350258975
1386183549
1313338066
1992697319
1290483182
1460058800
1883537842
1050664599
1906424726
1121818528
1704423213
1655264839
1326454622
1615502772
1326274485
1532104341
1116083098
1114605316
1597425830
1587232967
1456330780
1382538921
1132598802
1345053388
1748344598
1297695785
1222630739
1972061188
1810176446
1376114776
1024788155
1715179741
1352839527
1429214189
1283898841
1959168232
1443933714
1236805392
1425735444
1262912112
1564082647
1201313748
1761996062
1492362105
1198806201
1137376148
1841003715
1744386103
1733620299
1783753643
1148171599
1538742709
1896393702
1992389526
1353984156
1201307233
1182335633
1763141622
1724026487
1338583205
1996640373
1513270255
1141746919
1053715980
1839093383
1188661640
1495772307
1100313933
1568943289
1818402682
1992466971
1817105131
1013054586
1614630109
1357316021
1914777036
1461275191
1313388418
1198666764
1498084381
1548527362
1850855453
1897229348
1740574252
1029149732
1738714756
1441182724
1054355967
1641294175
1618323682
1862751579
1350606667
1022683881
1140706558
1229455118
1435886948
1453181155
1481192243
1285834862
1086709946
1986407802
1206496324
1982273317
1520483153
1987421220
1084336117
1115279090
1395450959
1200823889
1887894098
1711224862
1949929113
1451176344
1272798429
1453092596
1829811621
1438317141
1912877892
1910680826
1153515853
1838835092
1027364140
1883897210
1082184950
1517598017
1001215806
1577503209
1375764473
1775399183
1925846614
1541524007
1034687677
1203790324
1811806507
1181749271
1755726071
1057643341
1635264320
1021413523
1762614299
1467534890
1417716692
1372364222
1737345614
1177105454
1885224137
1663546903
1250594599
1382152224
1679455599
1121303312
1812337201
1237807259
1171153154
1346432936
1435275036
1459012985
1144659717
1473837820
1869100990
1114288182
1794817672
1007509033
1551459926
1715203542
1236520462
1476998578
1191030638
1103096478
1786418044
1455382229
1018553477
1411281215
1137442204
1771422555
1812011143
1872336679
1759912972
1613015868
1009881954
1169508040
1951081086
1951950340
1039300944
1478044915
1111654429
1172986337
1381537660
1103148283
1867666195
1370299161
1881657225
1059212532
1916682809
1224773362
1954817942
1376886658
1324199657
1269701233
1047924275
1849324401
1886898318
1111187662
1902250554
1639069076
1566821249
1677482846
1215018985
1861859985
1425644020
1420763930
1644454894
1227460633
1807784391
1535060854
1571981277
1598600785
1984348020
1850352953
1217903143
1085375252
1247479703
1027793528
1297551105
1367118016
1850983790
1131000237
1354166055
1281648718
1838265899
1933636960
1083237827
1413458377
1263219571
1941935170
1700440500
1923124921
1937695316
1808948034
1195680712
1542227284
1116516218
1782735203
1727432242
1902139726
1338202581
1462434394
1005604143
1652168653
1185356779
1115145184
1605729659
1870461852
1458637272
1273083101
1349288674
1012398203
1637970677
1553923325
1867331950
1815133340
1917468992
1665457451
1362119333
1436628573
1084117236
1116636573
1493807016
1514280150
1991486714
1235651981
1459912755
1163605567
1607934620
1190210171
1607323652
1046713967
1856618322
1818978746
1662668331
1654844277
1270601279
1174999324
1891471293
1390359757
1416536168
1957502461
1278887694
1542871305
1562858914
1486872969
1857422921
1583606871
1726390701
1917825596
1913854022
1119581369
1100077465
1778725248
1945625243
1454296442
1370389402
1799283716
1307782405
1382707516
1891539269
1107751682
1681139765
1013116084
1221682576
1661760687
1665320113
1279195033
1242390687
1464799406
1629477502
1314271433
1019507438
1553665050
1944280425
1394422335
1535028539
1835808367
1541612939
1879030212
1367315514
1735409456
1076974539
1305159814
1665185384
1078360715
1739818001
1696698883
1519179728
1286024492
1938331577
1461997885
1861288588
1259178743
1775854155
1915113845
1036324157
1345980837
1974859521
1292342640
1384935321
1569755607
1592870058
1012162286
1633240340
1288646639
1207821788
1720838057
1866595870
1349637226
1962301145
1881473212
1208890228
1866248502
1065096499
1436566306
1465367344
1220171524
1326040967
1157371269
1562402263
1538193434
1460863247
1849942847
1931297652
1535790768
1589440904
1428131804
1234385667
1739475343
1870871573
1900662336
1311019157
1205437513
1415967291
1924396486
1271235638
1250781307
1410250841
1888253522
1644579580
1696512548
1618939059
1253965000
1338488448
1274896997
1904312032
1274782397
1489516064
1903640784
1641901385
1191899026
1958639036
1257126778
1479078562
1973606616
1395234919
1926145018
1416951797
1976049347
1144085735
1572837940
1426708588
1701775585
1148534162
1463873792
1504171777
1065324744
1508603547
1179657857
1901702763
1322731923
1116640270
1609510804
1752648343
1232629558
1593676052
1081619664
1183483564
1416681174
1003692884
1645730663
1015892842
1079287536
1048238004
1764135186
1431822153
1478654405
1885109283
1630830383
1485437642
1424937590
1973309804
1730271660
1425914232
1704123559
1510486973
1950971613
1380969623
1422196146
1729362412
1188357357
1880439829
1274853559
1161115772
1071860333
1266470936
1059556870
1337994077
1214734936
1292641589
1386426984
1612877867
1442356038
1803951744
1744468540
1558828665
1441750495
1685151399
1043507707
1964912181
1777100870
1420804818
1330767267
1413503308
1876928539
1977425129
1729999650
1049905289
1367756041
1509655243
1653754619
1257123324
1185505777
1400604455
1727248292
1225374627
1871897145
1057295490
1520336806
1665695050
1537086660
1664555961
1234105173
1446186839
1458098543
1522504091
1683362881
1007356005
1272665575
1370954429
1278616028
1696189317
1523876248
1256419352
1223029613
1653173723
1552788297
1214821968
1045263467
1322721832
1957456817
1613172812
1234960551
1939643329
1044405174
1824498988
1260771311
1722582229
1722951314
1412683613
1790810520
1866432605
1264001802
1309944024
1181081394
1846866032
1575134775
1602245449
1602174767
1504112847
1011784908
1916427779
1010208894
1598888398
1796121518
1001078919
1234679052
1587381026
1085740111
1950936099
1598069657
1560377345
1909275167
1979188636
1610801899
1690374068
1036466767
1120124747
1740973179
1586381863
1636769768
1099856226
1749004758
1093511104
1789979965
1201728247
1679596932
1888312330
1133439739
1584999299
1644554435
1228797459
1100133225
1483354387
1052348007
1333037854
1983838453
1638012696
1514131339
1550655628
1535041341
1490771762
1207749270
1992575444
1689936257
1825043151
1427969599
1359910723
1784719813
1601657186
1894529636
1436486721
1876460214
1220547795
1748068074
1891907717
1039870322
1897065020
1587149128
1763226811
1368233086
1021223372
1359463335
1521731394
1376817413
1029295696
1488397517
1171026631
1748176658
1020520810
1834272539
1901504668
1745556467
1962007931
1341970321
1140815818
1227642528
1321097655
1023376492
1423024444
1589511818
1714289211
1282473013
1291148488
1833947344
1955775258
1723462444
1733944106
1013704039
1002276514
1198498827
1076169087
1424425572
1819715206
1623556860
1486926418
1481432765
1745715001
1932609872
1634385874
1197949950
1067417708
1404915601
1825360407
1518962612
1968729665
1726457660
1252819534
1623053552
1863179804
1221197228
1311115005
1941766861
1061126285
1211507131
1593387309
1341015065
1372097150
1203816893
1953759844
1122802196
1736017123
1875371645
1703858291
1208930411
1499109618
1796405374
1889275786
1240685878
1738972218
1658474226
1416564721
1272367730
1329494922
1758536645
1720267099
1846002736
1830537517
1182950522
1154244821
1972382908
1677275488
1813122992
1221585896
1478772522
1247905959
1779244930
1273386872
1941138153
1452147544
1125559636
1369728876
1832272482
1431794586
1403904683
1278205360
1629269663
1826827249
1296100335
1420307583
1431043773
1219473783
1450217925
1143979259
1606827979
1950653223
1743954738
1701017325
1450172195
1256051051
1928279780
1013103988
1671321542
1443354583
1263903465
1761266954
1144481337
1915745072
1735705448
1667066675
1823868656
1630366128
1030207484
1353367962
1169595667
1544108432
1448198081
1592847079
1216557360
1176815266
1567743934
1180628008
1707193586
1120703394
1780192225
1579915737
1801617364
1200790393
1487355225
1676809024
1245378077
1770216239
1033768561
1674149514
1350119581
1386235204
1888684830
1796261998
1354135375
1966244842
1019433039
1317238010
1070141753
1585263334
1619891949
1021655203
1043651951
1125459492
1129217877
1181122255
1487690010
1320348261
1001105886
1595878562
1483603427
1977186179
1574811227
1900805218
1127020904
1867210114
1129916306
1609697651
1092069587
1255966792
1339748995
1221557927
1005820108
1420958649
1202822073
1672210431
1443248262
1026735994
1169306420
1691971914
1361263046
1972000690
1848820070
1464910851
1210891258
1624078215
1833898087
1402523191
1914244251
1502575924
1272150888
1701568147
1063649940
1078067275
1998861941
1784999949
1510644643
1504930313
1062856934
1671848639
1650876354
1835465810
1728728567
1743569715
1464796530
1314506154
1777630010
1096271586
1685786024
1120807867
1573262012
1748052444
1004357898
1646081169
1801555096
1630519727
1730073940
1258672779
1194523058
1186015573
1270483170
1872183459
1430312846
1221940104
1741514957
1904290754
1220003022
1388752952
1625999160
1178572111
1552468811
1140121615
1011911637
1789674628
1855604695
1598592870
1606259132
1047018414
1868562025
1019663097
1193924836
1434570350
1303398397
1679121114
1229173652
1498291588
1347066225
1497844518
1483375963
1242603972
1553625095
1210845111
1009290338
1629057112
1673335394
1890137048
1272547001
1793300161
1479840317
1736099382
1308678423
1313035869
1972424224
1964469671
1530541923
1983962740
1852644114
1986329202
1083325823
1969911870
1802968458
1943593619
1269848707
1558009850
1412846367
1461190868
1176801386
1211174706
1406049795
1257749887
1449358406
1816016356
1557240981
1644301556
1556436755
1311420498
1308173057
1395706098
1454085037
1952538782
1870589043
1988389252
1945095803
1165176216
1566735653
1987673188
1412252907
1274005706
1098502094
1861867100
1618381602
1050181454
1656945020
1588607083
1644339774
1580550716
1263083683
1217148698
1765113592
1365683343
1153369300
1011836535
1739064184
1028974311
1578238794
1919263253
1843818089
1442984094
1808384571
1078635623
1906394602
1005083354
1224838851
1404280035
1493277190
1250972989
1116786813
1133829860
1989849079
1650066983
1107372131
1117140353
1640500068
1212373693
1578559667
1865037973
1204621262
1718795509
1821007396
1753819269
1809758165
1014685903
1160117027
1922667912
1622395394
1131709614
1530011549
1585359158
1785205631
1624236652
1922135309
1504388129
1731516563
1202259353
1593810416
1433453225
1051100566
1915573915
1062954330
1640365421
1804160361
1233513666
1081049974
1393116702
1878198396
1708803485
1496845449
1421128340
1318760839
1666967163
1565712602
1380582880
1072109591
1671256752
1924526595
1768731879
1384227233
1065988408
1676801153
1230061875
1982783673
1389145607
1145009130
1786269271
1029285408
1818848691
1832318890
1576312003
1541517600
1365826556
1657285238
1990783746
1512081249
1946738464
1704796119
1806200139
1941055445
1175571852
1414732258
1670275510
1443887993
1892377465
1713969568
1256339900
1666559972
1299721954
1606459110
1116504984
1605959502
1195581010
1859521963
1350481957
1962242189
1219728896
1339545297
1308555125
1574682232
1223445077
1435525002
1771079101
1939743522
1885566276
1112342402
1049117171
1412733337
1797981010
1438010561
1743020453
1659646332
1044868585
1034708032
1593698717
1030767032
1199791737
1005372934
1354186516
1451068929
1375514069
1488673815
1922768224
1244231945
1706308595
1474639646
1006337412
1648712380
1452460750
1906121049
1204686142
1983054021
1635864213
1349298167
1993602722
1522756479
1802844681
1220110905
1026939335
1632318029
1560084265
1848099585
1377815253
1390086215
1445626266
1909900548
1072065068
1042215622
1538185157
1197655164
1081834316
1043609742
1850543789
1078955652
1581416571
1986963681
1143690431
1514587445
1786306216
1808039010
1078954526
1973645468
1731881454
1638187824
1453562419
1867642444
1480072341
1351565308
1627074105
1088227563
1693861641
1937362445
1648446947
1641730401
1492554569
1426882948
1580125725
1745556403
1109206259
1617894326
1534439621
1180873992
1178934688
1056494324
1342251112
1174445425
1535704446
1840284961
1776568748
1439086505
1324583589
1959475619
1246598429
1578432507
1603229495
1822223216
1806025956
1330043678
1166188412
1321414867
1232762667
1248417366
1835750781
1528766926
1525753383
1361836373
1057326189
1725885472
1787334048
1112783957
1235477337
1064279496
1390107715
1979905117
1608138668
1105020046
1736800744
1682128509
1072829757
1188116192
1566315075
1787019002
1558650310
1342138240
1069464095
1290290211
1841088984
1407062626
1936671976
1960051916
1426150891
1353273539
1128361386
1236202414
1207602993
1322943322
1065343780
1183424039
1865974629
1395485860
1913356631
1347998063
1043022794
1851657910
1448830045
1933835226
1449149809
1229798619
1774193123
1229685211
1526104981
1876473999
1091930859
1151500370
1966168356
1894833788
1916062285
1703453148
1861825768
1853663002
1628879194
1006796895
1077472096
1303780503
1337974051
1116218531
1491002186
1267900615
1537046733
1326418192
1072790680
1127389737
1590688496
1328572046
1077716757
1242451435
1825889230
1411779372
1933221777
1412800879
1355714688
1134804580
1444772909
1129981172
1964589056
1753678608
1784348315
1982184237
1763601094
1575105451
1382097049
1099631165
1669295787
1347121128
1608378738
1807641856
1395803577
1129465235
1371938797
1550284864
1106461523
1946103349
1940891377
1549077130
1823453218
1029315298
1119372308
1093096300
1431585908
1387326172
1226987663
1817380094
1608891589
1330008068
1184552093
1512757027
1439911111
1752801266
1884291574
1353962611
1928502453
1344517568
1407752195
1468010312
1099239180
1696008651
1005997756
1942088146
1253413011
1227859285
1943627781
1581033171
1848211411
1589091163
1017075529
1151206466
1093534647
1589175149
1516154906
1975988776
1872743203
1852785612
1346470962
1163657221
1063880628
1119524225
1499271152
1063899258
1688212714
1100661101
1809643282
1987842643
1614874372
1116906038
1461171597
1971515516
1947578910
1127240710
1839036659
1200825918
1660939485
1115465431
1376349363
1784873134
1593655897
1640953584
1197344296
1501637717
1132046206
1601356098
1193580548
1195856842
1392170178
1761437965
1940237935
1453675562
1912738853
1048253080
1919865977
1965247194
1847146506
1106373405
1209005376
1073510564
1627061118
1127411623
1529297995
1188096415
1938469491
1445229459
1952134482
1595713473
1340993717
1397690986
1992786220
1976902004
1750574097
1101349743
1136175176
1004715832
1671345403
1331927693
1429742800
1778684232
1308792034
1760329571
1699011625
1375590934
1032247685
1469961921
1849822548
1854261081
1342683872
1394551277
1239186795
1635079913
1172777456
1739314021
1458532577
1935031596
1065619156
1571632968
1335497975
1701781697
1041933362
1998063214
1481345104
1625374298
1530805691
1594024300
1463442041
1311417941
1595981702
1467240779
1423183426
1149140343
1357593810
1028538212
1108814826
1658205057
1279948923
1982717878
1850505203
1683333773
1015309859
1004709178
1078091729
1150051081
1472801311
1250423756
1435630691
1432927095
1083812703
1560765850
1566900532
1700399365
1463525382
1148602403
1204447303
1490375522
1352807104
1636512605
1122287898
1304837994
1965574587
1145353465
1623657255
1394816332
1914869776
1164284273
1923668005
1632177271
1426701161
1881893418
1211781198
1817942011
1228901626
1851650165
1073096955
1670376475
1009025420
1727028072
1546371923
1579561957
1078327060
1566905758
1742312925
1249682668
1200532333
1674034062
1636600237
1516111251
1373868901
1800544470
1765722985
1973764736
1508450359
1108865488
1859349461
1071738954
1978910784
1684697613
1585590266
1489195637
1392965381
1247019261
1625828612
1631453843
1119195556
1796951101
1645629192
1067272100
1655564574
1374415746
1303704583
1473433050
1518478901
1438091424
1015198949
1042160128
1539735497
1418760122
1345548476
1250829321
1547481232
1262566616
1302208508
1466773080
1811992922
1555611729
1135088057
1089843383
1493712309
1972028395
1333769707
1287920972
1130691056
1608826900
1492925884
1200482860
1497611956
1478533293
1483651485
1467678377
1709308082
1594487006
1251237065
1210614741
1719054934
1229324407
1132400459
1482865054
1317509166
1001457813
1012473596
1174158386
1132340843
1515566473
1419293527
1564098615
1857018504
1032777806
1520681227
1035338106
1923458863
1092868174
1144565976
1606758458
1937602986
1647169381
1065298363
1832242159
1759249517
1921763447
1863878774
1046709737
1778538944
1615494372
1157412720
1465369371
1262945431
1873707319
1155819656
1335309173
1586105085
1087852724
1520144823
1886651077
1741661945
1708105853
1022424482
1596718909
1308182896
1338056076
1424608705
1877596006
1713649764
1861012940
1666975656
1491864367
1873826397
1567930059
1225634433
1593621007
1767471960
1452128271
1491320251
1805624694
1449781100
1946949547
1250901879
1038604816
1077700605
1658640484
1637063986
1715037419
1808185270
1276669251
1079967865
1375008097
1613856756
1563894783
1018918449
1815292561
1910979582
1987788418
1376012307
1776095356
1921172263
1337217991
1220966917
1193651480
1246487987
1758054284
1634251979
1779840143
1508256608
1885647759
1648730799
1403348940
1697940797
1949770027
1440133283
1473929438
1609355773
1520113645
1920844198
1997032235
1483557961
1328809562
1910309394
1345090473
1879776389
1431157529
1180228991
1839664003
1672756569
1015102342
1491328969
1500228212
1750677059
1911383108
1225370711
1810073954
1846350720
1214506355
1346553811
1696136968
1767348800
1785443966
1079521479
1428808521
1405706504
1922054935
1164312298
1393787941
1136793767
1440576926
1365577790
1073520447
1371257429
1832455933
1935526645
1550977312
1520294590
1357343411
1485868181
1309002144
1088665325
1820806581
1331439192
1852863659
1300353994
1466352160
1508383408
1212648612
1243686385
1937583250
1663854294
1632257904
1676807785
1716445184
1938344315
1212506509
1541289520
1535417106
1077308761
1878024975
1802253371
1900230277
1016176598
1619895089
1324477997
1424118710
1040308308
1668598156
1760809829
1416380595
1380472150
1561806965
1594364736
1369432581
1107369865
1344567235
1424328406
1865310029
1470146815
1150028933
1965582112
1010877900
1852730716
1330791060
1586619667
1500712485
1505950416
1116293662
1383037622
1578151646
1831571642
1642926567
1019241639
1492805886
1292200181
1716453492
1957523847
1001887273
1582152130
1668302654
1239612661
1176688221
1872079721
1945417565
1857387254
1589631138
1286350846
1169461039
1406463883
1689405762
1552649356
1173551342
1075157930
1942971616
1388506673
1359296626
1979112850
1821034521
1559659020
1014427464
1504440357
1483717422
1439571700
1359573874
1451470212
1671607491
1551204864
1758071915
1002426583
1767593173
1716990682
1556641468
1334285222
1973603677
1205872333
1359920880
1591036316
1138178577
1049087841
1096928103
1609739975
1680980227
1476623228
1020843804
1607005849
1113586665
1586897092
1258377169
1110857398
1064536574
1263439550
1505865414
1585324787
1760866715
1076663827
1640698125
1925669815
1954268177
1959577338
